0000001000000000000000000
0000011100011100000000000
0000011100111110000000000
0000111100110110000000000
0000011111111111000001100
0000011011111110000011110
0000001111101110000011110
0000000111111010000011010
0001100000111110000111111
0011110000111110000011110
0011110001111111100010110
0011110011111011110011110
0110111111011111110111111
1111111011111101101111110
1011110111111111101101110
1111010111111111101111100
0111110111101111101111000
0011111011111111011100100
0000000110111111100000000
0000000111110111000000000
0000000011111110000000000
0000000001111110000000000
0000000000110110111000000
0000000000111111101000000
0000000000111111111000000
0000000000011101110000000
0000000000011111000000000
0000000000001011000000000
0000000000001111000000000
0000000000001111000000000
0000000000111111110000000
0000000001000000001000000
0000000001000000001000000
0000000000111111110000000
0000000011011111101100000