00000011111000000000
00000011110100000000
00000111111000000000
00001111000100000000
00000010010000000000
00000001001000000000
00000001110011111000
00001110111100011100
00011111011000001010
00111111110000000111
01111111110000000101
11100011110000000111
11000000010000000101
11000111111000001110
01000111111100010100
01000111111111111000
01000111111000000000
11101111011100000000
10101111011100000000
11101110011110000000
00011110001110000000
00111100001110000000
01111000000110000000
01110000000111000000
00111001110111100011